8
0.0 0.0 0.0
1.0 0.0 0.0 
1.0 1.0 0.0
0.0 1.0 0.0
0.0 0.0 1.0
1.0 0.0 1.0 
1.0 1.0 1.0
0.0 1.0 1.0
19
0 1
-1
0 
-1 -1 -1
2
0 1
1 2
-1
0
-1 -1 -1
1
0
2 3
-1
0 
-1 -1 -1
1 
5
3 0
-1
0 
-1 -1 -1
2
4 5
4 5
-1
0
-1 -1 -1
1
2
5 6
-1
0
-1 -1 -1
2
1 2
6 7
-1
0
-1 -1 -1
2
3 4
7 4
-1
0
-1 -1 -1
1
3
0 4
-1
0
-1 -1 -1
2
2 3
1 5
-1
0
-1 -1 -1
1
1
2 6
-1
0
-1 -1 -1
2
0 5
3 7
-1
0
-1 -1 -1
1
4
0 2
-1
0 
-1 -1 -1
2
0 5
4 6
-1
0 
-1 -1 -1 
2
2 3
0 5
-1
0
-1 -1 -1
2
1 2
3 6
-1
0 
-1 -1 -1
2
4 5
1 6
-1
0 
-1 -1 -1
2
0 1
0 7
-1
0 
-1 -1 -1
2
3 4
0 6
-1
0 
-1 -1 -1 
6
0 1 2 3 4 5 
18
0 2 3
2 3 12
-1 -1 -1 -1 -1
1
0 1 2
1 12 0
-1 -1 -1 -1 -1
1 
4 5 6
5 13 4
-1 -1 -1 -1 -1 
1 
4 6 7
6 7 13
-1 -1 -1 -1 -1
1 
6 2 3
2 15 10
-1 -1 -1 -1 -1
1 
6 3 7
11 6 15
-1 -1 -1 -1 -1
1 
5 1 0
0 14 9
-1 -1 -1 -1 -1
1
5 0 4
8 4 14
-1 -1 -1 -1 -1
1 
1 2 6
10 16 1
-1 -1 -1 -1 -1 
1 
1 6 5
5 9 16
-1 -1 -1 -1 -1
1 
0 3 7
11 17 3
-1 -1 -1 -1 -1 
1
0 7 4
7 8 17
-1 -1 -1 -1 -1 
1 
0 1 6
16 18 0
-1 -1 -1 -1 -1 
0 
0 5 6
5 18 14
-1 -1 -1 -1 -1
0 
0 6 7
6 17 18
-1 -1 -1 -1 -1
0 
0 6 3
15 3 18
-1 -1 -1 -1 -1 
0 
0 6 4
13 8 18
-1 -1 -1 -1 -1
0 
0 6 2 
10 12 18
-1 -1 -1 -1 -1 
0
6
0 6 1 2
18 0 12 16 10 1
8 1 17 12
-1 -1  
0
-1
0 -1
0 6 5 1
18 14 0 5 16 9
9 6 12 13
-1 -1 
0 
-1
1 -1
0 6 4 5
18 8 14 13 5 4
2 7 13 16
-1 -1 
0 
-1 
2 -1
0 6 7 4
18 17 8 6 13 7
3 11 16 14
-1 -1 
0 
-1
3 -1
0 6 3 7
18 3 17 15 6 11
5 10 14 15
-1 -1  
0
-1
4 -1
0 6 2 3
18 12 3 10 15 2
4 0 15 17
-1 -1  
0
-1
5 -1
