8 
0.0 0.0 0.0
6
0 12 3 18 11 15 
10
0 1 6 10 11 13 14 15 16 17 
5
1 2 3 4 5
1.0 0.0 0.0
4
0 1 8 16
5
0 4 5 10 14
2
3 4
1.0 1.0 0.0
4
1 2 9 12
5
0 1 5 8 17
2
1 3 
0.0 1.0 0.0
5
2 3 10 14 17
7
1 6 7 8 9 12 13
3
0 1 2
0.0 0.0 1.0
5
4 7 11 13 17
7
2 3 6 7 11 12 16
3
0 2 5 
 1.0 0.0 1.0
4 
4 5 8 15
5
2 4 10 11 15
2
4 5
1.0 1.0 1.0
7
5 6 9 13 14 16 18
12
2 3 4 5 8 9 12 13 14 15 16 17
6
0 1 2 3 4 5
0.0 1.0 1.0
3
6 7 10
3
3 7 9
1
0
19
0 1
3
0 10 14
2 
3 4
1 2
2
0 5
1
3
2 3
2
1 8
1
1
3 0
3
1 6 13
2
1 2
4 5
2 
2 11
1
5
5 6
3
2 4 15
2
4 5
6 7
2
3 9
1
0
7 4
2
3 7
1
0
5 1
2
4 10
1
4
6 2
3
5 8 17
2
1 3
7 3
2
7 9
1
0
4 0
3
6 11 16
2
2 5
0 2
3
0 1 17
2
1 3
4 6
4
2 3 12 16
3
0 2 5
6 3
4
8 9 12 13
3
0 1 2
5 0
3
10 11 15
2
4 5
1 6
3
4 5 14
2
3 4
4 3
3
6 7 12
2
0 2
0 6
5
13 14 15 16 17
5
1 2 3 4 5
18
0 1 2
1 12 0
1
3
0 2 3
2 3 12
1
1
4 5 6
5 13 4
1
5
4 6 7
6 7 13
1
0
1 6 5
5 8 16
1
4
1 2 6
9 16 1
1
3
4 0 3
3 17 11
1
2
4 3 7
10 7 17
1
0
6 2 3
2 14 9
1
1
6 3 7
10 6 14
1
0
5 1 0
0 15 8
1
4
5 0 4
11 4 15
1
5
4 6 3
14 17 13
2
0 2
0 6 3
14 3 18
2
1 2
6 0 1
0 16 18
2
3 4
6 0 5
15 5 18
2
4 5
4 0 6
18 13 11
2
2 5
2 0 6
18 9 12
2
1 3
6
7 4 6 3
7 6 10 13 17 14
12 9 7 3
0 -1 
3 6 2 0
14 2 3 9 18 12
17 1 13 8
1 -1
3 4 6 0
17 14 3 13 11 18
16 13 6 12
2 -1
2 6 1 0
9 1 12 16 18 0
14 0 17 5
3 -1
6 1 0 5
16 18 5 0 8 15
10 15 4 14
4 -1
6 4 5 0
13 5 18 4 11 15
11 15 16 2
5 -1 
18
0 1 2 3 4 5 6 7 8 9 10 11 12 13 14 15 16 17 
0 0 0 0 0 0 0 0 0 0 0 0 0 0 0 0 0 0 
12
0 1 2 3 4 5 6 7 8 9 10 11 
0 0 0 0 0 0 0 0 0 0 0 0
1
