16
0.0 0.0 0.0
1.0 0.0 0.0 
1.0 1.0 0.0
0.0 1.0 0.0
0.0 0.0 1.0
1.0 0.0 1.0 
1.0 1.0 1.0
0.0 1.0 1.0
0.0 0.0 2.0
1.0 0.0 2.0
1.0 1.0 2.0
0.0 1.0 2.0
1.0 2.0 1.0 
1.0 2.0 0.0
0.0 2.0 0.0
0.0 2.0 1.0
47
0 1
1 2
2 3
3 0
4 5 
5 6
6 7 
7 4
0 4 
1 5
2 6
3 7
0 2
4 6
0 5
3 6
1 6
0 7
0 6
8 9
9 10
10 11
11 8
8 4
9 5
10 6
11 7
8 10
8 5
11 6
9 6
8 7
8 6
2 13
13 14
14 3
6 12
12 15
15 7
13 12
14 15
2 14
6 15
12 14
6 13
7 14
14 6
50
0 2 3
2 3 12
1
0 1 2
1 12 0
1 
4 5 6
5 13 4
0
4 6 7
6 7 13
0 
6 2 3
2 15 10
0 
6 3 7
11 6 15
0 
5 1 0
0 14 9
1
5 0 4
8 4 14
1 
1 2 6
10 16 1 
1 
1 6 5
5 9 16
1 
0 3 7
11 17 3 
1
0 7 4
7 8 17 
1 
0 1 6
16 18 0 
0 
0 5 6
5 18 14
0 
0 6 7
6 17 18
0 
0 6 3
15 3 18 
0 
0 6 4
13 8 18
0 
0 6 2 
10 12 18 
0
8 9 10
20 27 19
1
8 10 11
21 22 27
1
9 5 6
5 30 24
1
9 6 10
25 20 30
1
8 4 7 
7 31 23
1
8 7 11
26 22 31
1
9 5 8
28 19 24
1
8 5 4
4 23 28
1
10 6 11
29 21 25
1
11 6 7
6 26 29
1
8 9 6 
30 32 19
0
8 5 6
5 32 28
0
8 4 6 
13 32 23
0
8 7 6
6 32 31
0
8 11 6
29 32 22
0
8 10 6
25 32 27
0
3 2 14
41 35 2
1
2 13 14
34 41 33
1
7 6 15
42 38 6
1
6 12 15
37 42 36
1
6 2 13
33 44 10
1
6 13 12
39 36 44
1
7 3 14
35 45 11
1
7 14 15
40 38 45
1
12 13 14
34 43 39
1
12 14 15
40 37 43
1
6 2 14
41 46 10
0
6 13 14
34 46 44
0
6 12 14
43 46 36
0
6 15 14
40 46 42
0
6 7 14
45 46 6
0
6 3 14
35 46 15
0
18
0 6 2 1
18 12 0 10 16 1
8 1 12 17
0 6 5 1
18 14 0 5 16 9
9 6 12 13
0 6 5 4
18 14 8 5 13 4
2 7 16 13
0 6 7 4
18 17 8 6 13 7
3 11 16 14
0 6 7 3
18 17 3 6 15 11
5 10 15 14
0 6 2 3
18 12 3 10 15 2
4 0 15 17
8 6 10 9
32 27 19 25 30 20
21 18 28 33
8 6 5 9
32 28 19 5 30 24 
20 24 28 29
8 6 5 4
32 28 23 5 13 4
2 25 30 29
8 6 7 4
32 31 23 6 13 7
3 22 30 31
8 6 7 11
32 31 22 6 29 26
27 23 32 31
8 6 10 11
32 27 22 25 29 21
26 19 32 33
14 6 2 13
46 41 34 10 44 33
38 35 45 44
14 6 12 13
46 43 34 36 44 39
39 42 45 46
14 6 12 15
46 43 40 36 42 37
37 43 47 46
14 6 7 15
46 45 40 6 42 38
36 41 47 48
14 6 7 3
46 45 35 6 15 11
5 40 49 48
14 6 2 3
46 41 35 10 15 2
4 34 49 44
